kinematics:
  shoulder:
    x: 0
    y: 0
    z: 0.089214019704659281
    roll: -0
    pitch: 0
    yaw: 3.8763711031344894e-05
  upper_arm:
    x: -5.2630536237906388e-07
    y: 0
    z: 0
    roll: 1.5690246194952955
    pitch: 0
    yaw: 7.7297529867108918e-05
  forearm:
    x: -0.42540515489587688
    y: 0
    z: 0
    roll: 3.1374741495486629
    pitch: 3.1391315817695995
    yaw: -3.1415910995683309
  wrist_1:
    x: -0.39194107214932716
    y: -0.00077550055305274676
    z: 0.11084317919849677
    roll: 0.0069962617964849675
    pitch: 0.00085463311588023459
    yaw: -2.842596574715648e-05
  wrist_2:
    x: 2.843974499359821e-06
    y: -0.094743113943976665
    z: 2.154716090332839e-05
    roll: 1.5705688996011422
    pitch: 0
    yaw: 1.5799033894497532e-05
  wrist_3:
    x: 5.9957664236402893e-06
    y: 0.082546601432633593
    z: 4.0236613305558302e-05
    roll: 1.5712837679423273
    pitch: 3.1415926535897931
    yaw: -3.1415255446330836
  hash: calib_11308716998572816248